[[0, 0, 0.0], [0, 1, 0.28843330073266477], [0, 2, 0.834081649851959], [0, 3, 1.4414164394090407], [0, 4, 0.39203019678243545], [0, 5, 1.324793302400003], [0, 6, 1.1428235387407386], [0, 7, 0.1649705576083771], [0, 8, 0.5298055294184759], [0, 9, 0.9988565175540582], [0, 10, 0.7891507213136254], [0, 11, 0.9769518319472195], [0, 12, 0.9448269443569125], [0, 13, 1.1029274435912957], [0, 14, 0.15969244737924657], [0, 15, 0.43800929306908415], [0, 16, 0.754868917101508], [0, 17, 0.26865828890180965], [0, 18, 1.4438038685822845], [0, 19, 1.395966007475385], [0, 20, 1.6397058078521218], [0, 21, 1.0192365942566046], [0, 22, 1.3238385436914444], [0, 23, 0.9556358488253017], [0, 24, 1.2464777524335433], [0, 25, 0.8204645753168683], [0, 26, 1.4137922760992812], [0, 27, 1.460263839580754], [0, 28, 1.6261072715780476], [0, 29, 1.1376132933510377], [0, 30, 1.6986669909365117], [0, 31, 1.7426185005683568], [0, 32, 2.552292066873412], [0, 33, 2.285109607129477], [0, 34, 2.549402851024571], [0, 35, 2.0518503939196244], [0, 36, 1.3300215295305855], [0, 37, 2.047638136740614], [0, 38, 2.6145667023671737], [0, 39, 2.3873341320439554], [0, 40, 2.4764947601406484], [0, 41, 2.8141324196472874], [0, 42, 2.8141324196472874], [0, 43, 2.5536955395056524], [0, 44, 2.0373689437143705], [0, 45, 2.4051484341127414], [0, 46, 2.748611877250458], [0, 47, 2.640157821561677], [0, 48, 2.2133463162427582], [0, 49, 3.0237001446228646], [0, 50, 2.620428858998711], [0, 51, 2.80437159311026], [0, 52, 2.7960434036821136], [0, 53, 2.8397950574412825], [0, 54, 2.71128887975508], [0, 55, 1.4984569462971948], [0, 56, 2.2158386643013723], [0, 57, 1.9742113921394395], [0, 58, 0.8712414418171821], [0, 59, 2.035836591095822], [0, 60, 2.396365623915517], [0, 61, 2.7219869161010584], [0, 62, 2.8351677370976014], [0, 63, 2.3921328373024466], [0, 64, 2.4431596534776627], [0, 65, 2.550812881386801], [0, 66, 2.5460837023751055], [0, 67, 2.2147742580640664], [0, 68, 1.1010850538396684], [0, 69, 1.0977127283518597], [0, 70, 1.8544268473951298], [0, 71, 0.8103724582797822], [0, 72, 1.1630507679623088], [0, 73, 0.8135779577895839], [0, 74, 1.243682323289085], [0, 75, 1.5277522073317116], [0, 76, 1.5042135634369138], [0, 77, 1.504716325019251], [0, 78, 1.4031253690586516], [0, 79, 1.6771794387851424], [0, 80, 1.5716759860964562], [0, 81, 2.3286797719711987], [0, 82, 1.7370719583851308], [0, 83, 2.2161114574218304], [0, 84, 1.016480351422998], [0, 85, 1.5489627397009709], [0, 86, 1.0015099616576923], [0, 87, 2.572370187316032], [0, 88, 1.3531421434280078], [0, 89, 0.9589330292244096], [0, 90, 1.38648940159487], [0, 91, 0.9002185590542586], [0, 92, 1.7546163239018109], [0, 93, 1.9445344259258683], [0, 94, 1.9836722682292398], [0, 95, 2.0193645471694897], [0, 96, 1.5241037451569415], [0, 97, 1.5302896996910373], [0, 98, 1.4711281053546224], [0, 99, 1.4706731963454145], [0, 100, 1.50319655589861], [0, 101, 1.5049625623107796], [1, 0, 0.28843330073266477], [1, 1, 0.0], [1, 2, 1.0473259934614025], [1, 3, 1.5705097845594775], [1, 4, 0.33915693832548977], [1, 5, 1.4946828689279963], [1, 6, 1.3268578765723298], [1, 7, 0.2731613671068802], [1, 8, 0.33373192683103015], [1, 9, 1.0677886725671493], [1, 10, 0.8827178492412077], [1, 11, 0.9567355384066079], [1, 12, 0.9593899661709058], [1, 13, 1.2317754906075185], [1, 14, 0.26427750002994616], [1, 15, 0.710775867226166], [1, 16, 0.6025923377705927], [1, 17, 0.104959924837173], [1, 18, 1.5498548523148734], [1, 19, 1.4976156987940124], [1, 20, 1.8056373004129969], [1, 21, 1.0953596249760311], [1, 22, 1.5944603457436515], [1, 23, 1.2015163428117344], [1, 24, 1.370527360313559], [1, 25, 0.9048740168319716], [1, 26, 1.551790905360301], [1, 27, 1.6271379778617323], [1, 28, 1.8914534919908266], [1, 29, 1.4159131952803015], [1, 30, 1.9634577602070415], [1, 31, 2.0132990956872727], [1, 32, 2.8401304816555113], [1, 33, 2.572769703568408], [1, 34, 2.8371964611594493], [1, 35, 2.2792346812784583], [1, 36, 1.6029677611224833], [1, 37, 2.3273939908707724], [1, 38, 2.89788747783944], [1, 39, 2.6643647902745253], [1, 40, 2.759144134038134], [1, 41, 3.091538561781503], [1, 42, 3.091538561781503], [1, 43, 2.828653403555356], [1, 44, 2.3215277914788572], [1, 45, 2.693569848351192], [1, 46, 3.037045177929773], [1, 47, 2.9226051894779648], [1, 48, 2.501050819764563], [1, 49, 3.306778889178174], [1, 50, 2.9079539742969476], [1, 51, 3.084778196206843], [1, 52, 3.076562599311035], [1, 53, 3.1192705455734298], [1, 54, 2.993292404519132], [1, 55, 1.6316564461575358], [1, 56, 2.380364770314554], [1, 57, 2.208283709940927], [1, 58, 1.1489060906786634], [1, 59, 2.2527894479620145], [1, 60, 2.6224535373359323], [1, 61, 2.968067560713178], [1, 62, 3.1198336601171954], [1, 63, 2.589996481675586], [1, 64, 2.6277525013801903], [1, 65, 2.7955271820743035], [1, 66, 2.7831705208655064], [1, 67, 2.448842449787153], [1, 68, 1.3878606780507767], [1, 69, 1.3847609750342063], [1, 70, 2.1393919160137767], [1, 71, 1.0817834236686312], [1, 72, 1.4449976297875955], [1, 73, 1.0804889657369283], [1, 74, 1.5252880187986628], [1, 75, 1.8158883244566835], [1, 76, 1.7568192578838568], [1, 77, 1.7910145469957286], [1, 78, 1.6806738878184662], [1, 79, 1.9551405539331206], [1, 80, 1.7331267311819918], [1, 81, 2.6099296653046977], [1, 82, 2.0193919332786394], [1, 83, 2.4992311894737993], [1, 84, 1.2632478974302404], [1, 85, 1.8159943270887715], [1, 86, 1.2463246891797382], [1, 87, 2.860608809719316], [1, 88, 1.6061677445045095], [1, 89, 0.99490957179961], [1, 90, 1.665111109982039], [1, 91, 1.1879092480003601], [1, 92, 2.0430124944240093], [1, 93, 2.1378103833223343], [1, 94, 2.1701978008461142], [1, 95, 2.200496508035362], [1, 96, 1.7747876413328736], [1, 97, 1.781122472134282], [1, 98, 1.7220954802372181], [1, 99, 1.7213059240628492], [1, 100, 1.7561317737281108], [1, 101, 1.7582679170087518], [2, 0, 0.834081649851959], [2, 1, 1.0473259934614025], [2, 2, 0.0], [2, 3, 0.714901162771294], [2, 4, 1.2229921122815808], [2, 5, 1.7643721067928035], [2, 6, 1.5729723238757116], [2, 7, 0.99129931736965], [2, 8, 1.3537539029082886], [2, 9, 1.6804624002288724], [2, 10, 1.4674904326597027], [2, 11, 1.7543463423269257], [2, 12, 1.6944206674129925], [2, 13, 1.6714214413891044], [2, 14, 0.988289440836054], [2, 15, 0.8209354618153332], [2, 16, 1.5889423499220479], [2, 17, 1.0798858119523167], [2, 18, 2.0166726772582666], [2, 19, 1.9818735494819524], [2, 20, 2.051457852571945], [2, 21, 1.6883826567776679], [2, 22, 1.314042507184322], [2, 23, 1.2057166659485623], [2, 24, 1.8049323938752528], [2, 25, 1.505874937895901], [2, 26, 1.9218846221272161], [2, 27, 1.8899056691459495], [2, 28, 1.6047620321142952], [2, 29, 1.0990477822992095], [2, 30, 1.6712047370084222], [2, 31, 1.6607245443272094], [2, 32, 2.149123955930799], [2, 33, 1.904660626109896], [2, 34, 2.1483497952152764], [2, 35, 1.2322173209493887], [2, 36, 0.709229753496975], [2, 37, 1.4293560151546143], [2, 38, 2.313350586656311], [2, 39, 2.1813284715838503], [2, 40, 2.193489064519556], [2, 41, 2.5795481660932698], [2, 42, 2.5795481660932698], [2, 43, 2.3587826919630044], [2, 44, 1.7621657180707082], [2, 45, 1.9493287767755312], [2, 46, 2.2847773773748306], [2, 47, 2.3509493321723967], [2, 48, 1.8359020594391162], [2, 49, 2.7077040187585646], [2, 50, 2.2265121224586815], [2, 51, 2.5348783988947945], [2, 52, 2.5255041946979544], [2, 53, 2.58019852687937], [2, 54, 2.4248585463319516], [2, 55, 0.7568232127701318], [2, 56, 1.4003656499971326], [2, 57, 1.1640521347996502], [2, 58, 0.4504606605942542], [2, 59, 1.206702798867844], [2, 60, 1.5751543073394794], [2, 61, 1.93190506815267], [2, 62, 2.247930109580182], [2, 63, 1.5581040479400867], [2, 64, 1.6123663798293055], [2, 65, 1.7584255700300002], [2, 66, 1.739368598039407], [2, 67, 1.4039690947228378], [2, 68, 0.732965492635054], [2, 69, 0.921308001709759], [2, 70, 1.5823770278640388], [2, 71, 0.36566374867514867], [2, 72, 0.6781165282462362], [2, 73, 0.32596242534218295], [2, 74, 0.7336891875812241], [2, 75, 1.200841871495778], [2, 76, 1.588834171843007], [2, 77, 1.0324330623020477], [2, 78, 0.815262343921158], [2, 79, 1.064326780334605], [2, 80, 0.7729577600899165], [2, 81, 2.0753805220333525], [2, 82, 1.1683692057893151], [2, 83, 1.9435026450760642], [2, 84, 0.28264653601148354], [2, 85, 0.8621927869379296], [2, 86, 0.2610462473556545], [2, 87, 2.145588008193404], [2, 88, 0.60795213331503], [2, 89, 0.6631444353477549], [2, 90, 0.812576462808469], [2, 91, 0.6512374259739602], [2, 92, 1.3424294145633096], [2, 93, 1.1117091535195436], [2, 94, 1.1534228339583965], [2, 95, 1.1920123767653459], [2, 96, 0.7613481624365221], [2, 97, 0.7678464889667204], [2, 98, 0.711451320256477], [2, 99, 0.7097775637807174], [2, 100, 0.7496562053600171], [2, 101, 0.7527964142524948], [3, 0, 1.4414164394090407], [3, 1, 1.5705097845594775], [3, 2, 0.714901162771294], [3, 3, 0.0], [3, 4, 1.827735660338357], [3, 5, 2.478723512147868], [3, 6, 2.2876702561449336], [3, 7, 1.606380729426447], [3, 8, 1.9032658025399025], [3, 9, 2.3728264863553825], [3, 10, 2.157335518406343], [3, 11, 2.41113573744941], [3, 12, 2.364787838485413], [3, 13, 2.381808184846593], [3, 14, 1.6008587014592592], [3, 15, 1.5268809001073878], [3, 16, 2.1656772044265833], [3, 17, 1.6361912990139662], [3, 18, 2.7288265683858475], [3, 19, 2.6927500029739204], [3, 20, 2.7628825956064476], [3, 21, 2.3837494891949644], [3, 22, 1.9695672746904236], [3, 23, 1.9151026579131138], [3, 24, 2.5170853462930958], [3, 25, 2.194679656576704], [3, 26, 2.636650761937552], [3, 27, 2.6033583336493664], [3, 28, 2.23664008803406], [3, 29, 1.7643490320232753], [3, 30, 2.296794226364989], [3, 31, 2.2657804583286074], [3, 32, 2.521312958688049], [3, 33, 2.3153970318086627], [3, 34, 2.522378803628636], [3, 35, 1.03322986983305], [3, 36, 1.1243330070064137], [3, 37, 1.658464007392144], [3, 38, 2.7533523679054506], [3, 39, 2.690991900571328], [3, 40, 2.6536102193404774], [3, 41, 3.0505904769672094], [3, 42, 3.0505904769672094], [3, 43, 2.8653020215829494], [3, 44, 2.259704490575526], [3, 45, 2.2917405894893865], [3, 46, 2.5923444956422292], [3, 47, 2.7971785681446737], [3, 48, 2.2552462436970333], [3, 49, 3.1156838250782672], [3, 50, 2.600815997796929], [3, 51, 2.9847889423555465], [3, 52, 2.975171344126408], [3, 53, 3.034615389537294], [3, 54, 2.868841654227737], [3, 55, 0.06416991251406341], [3, 56, 0.8371240742252998], [3, 57, 1.0302784595722334], [3, 58, 1.1107153704966535], [3, 59, 0.94143682854292], [3, 60, 1.3107510196279921], [3, 61, 1.7589663118008934], [3, 62, 2.422890955293665], [3, 63, 1.1361370213787096], [3, 64, 1.1248882749253806], [3, 65, 1.5956087716710654], [3, 66, 1.5262966368655646], [3, 67, 1.2184341687122597], [3, 68, 1.3330494168431604], [3, 69, 1.5652752850781104], [3, 70, 2.0986862195180342], [3, 71, 1.04663634962071], [3, 72, 1.224643474828797], [3, 73, 1.0062996519280687], [3, 74, 1.2435746829581944], [3, 75, 1.7313382424853487], [3, 76, 2.2543060848555787], [3, 77, 1.4923135566097816], [3, 78, 1.2276430734162207], [3, 79, 1.3758076747698238], [3, 80, 0.2520143698729926], [3, 81, 2.562753696991504], [3, 82, 1.5072123541279172], [3, 83, 2.4279433871433307], [3, 84, 0.8129688347472568], [3, 85, 1.13156222332752], [3, 86, 0.8016193949914879], [3, 87, 2.4976544166400734], [3, 88, 0.8892740950089167], [3, 89, 0.6713388018079882], [3, 90, 1.2401407979163508], [3, 91, 1.3185704497522355], [3, 92, 1.7933178698554766], [3, 93, 0.7144674695907238], [3, 94, 0.7107947097042348], [3, 95, 0.7158027078396889], [3, 96, 0.9249453266352576], [3, 97, 0.9292092283433306], [3, 98, 0.9063996966419237], [3, 99, 0.9027064332046012], [3, 100, 0.9402780399293278], [3, 101, 0.9450473000837885], [4, 0, 0.39203019678243545], [4, 1, 0.33915693832548977], [4, 2, 1.2229921122815808], [4, 3, 1.827735660338357], [4, 4, 0.0], [4, 5, 1.2042006505329634], [4, 6, 1.0525852421227817], [4, 7, 0.2317899734846084], [4, 8, 0.22871210194593755], [4, 9, 0.7338600306797733], [4, 10, 0.5618111708101431], [4, 11, 0.623422541107602], [4, 12, 0.6204362616842028], [4, 13, 0.9192204522671293], [4, 14, 0.2347285628756516], [4, 15, 0.628259432771929], [4, 16, 0.37304146998571774], [4, 17, 0.2357393669715963], [4, 18, 1.222579378481422], [4, 19, 1.1692035040420086], [4, 20, 1.5075287854022126], [4, 21, 0.7630149895386943], [4, 22, 1.4463351535286733], [4, 23, 1.012597523858595], [4, 24, 1.052952777658712], [4, 25, 0.5791302193108648], [4, 26, 1.2390852607106966], [4, 27, 1.3320765449200467], [4, 28, 1.7224023208660035], [4, 29, 1.2989285295999369], [4, 30, 1.7917389652519238], [4, 31, 1.8565670611461231], [4, 32, 2.7621578111311744], [4, 33, 2.494133197873938], [4, 34, 2.758492986192146], [4, 35, 2.42943196270209], [4, 36, 1.6612083764646242], [4, 37, 2.3522149141216655], [4, 38, 2.780596889622961], [4, 39, 2.520581758953854], [4, 40, 2.6392317607101474], [4, 41, 2.9459111863053344], [4, 42, 2.9459111863053344], [4, 43, 2.676143043433544], [4, 44, 2.2145801890632906], [4, 45, 2.6400269052678973], [4, 46, 2.9782075916067914], [4, 47, 2.8003610188140073], [4, 48, 2.4237544596439142], [4, 49, 3.185491769962048], [4, 50, 2.8247018697559647], [4, 51, 2.9515322443915126], [4, 52, 2.943878250484451], [4, 53, 2.981740778863495], [4, 54, 2.868260938072743], [4, 55, 1.8858615843354793], [4, 56, 2.6078335880540884], [4, 57, 2.3478555488669337], [4, 58, 1.2005675687820219], [4, 59, 2.4186751540265257], [4, 60, 2.773777507572845], [4, 61, 3.083247389665267], [4, 62, 3.1126933936191494], [4, 63, 2.780678275639602], [4, 64, 2.8340848781968595], [4, 65, 2.913894792364686], [4, 66, 2.91573410358404], [4, 67, 2.587599843117214], [4, 68, 1.3839381667257267], [4, 69, 1.3190506077000015], [4, 70, 2.0400375246150566], [4, 71, 1.155244066203488], [4, 72, 1.4712207428449522], [4, 73, 1.1658636327440284], [4, 74, 1.5515405141488607], [4, 75, 1.7556833345621798], [4, 76, 1.5623318119933916], [4, 77, 1.7831520951721305], [4, 78, 1.7217052034714628], [4, 79, 1.9910799172895775], [4, 80, 1.9633265013389072], [4, 81, 2.484273813843771], [4, 82, 2.034740931935035], [4, 83, 2.3842453956346406], [4, 84, 1.3873163809524693], [4, 85, 1.8890834885928731], [4, 86, 1.3740734688199736], [4, 87, 2.7912160465433504], [4, 88, 1.7143672419211942], [4, 89, 1.3026905813323277], [4, 90, 1.702129586132333], [4, 91, 1.1798653946690711], [4, 92, 1.9983970236936441], [4, 93, 2.33453712664586], [4, 94, 2.3746563795561], [4, 95, 2.410888957684592], [4, 96, 1.886286633777997], [4, 97, 1.8922724403338194], [4, 98, 1.8334447905117395], [4, 99, 1.833333474679799], [4, 100, 1.8631758824623184], [4, 101, 1.8645226063845335], [5, 0, 1.324793302400003], [5, 1, 1.4946828689279963], [5, 2, 1.7643721067928035], [5, 3, 2.478723512147868], [5, 4, 1.2042006505329634], [5, 5, 0.0], [5, 6, 0.1936660870758238], [5, 7, 1.2332783599483328], [5, 8, 1.3999784246780402], [5, 9, 0.5998911349854386], [5, 10, 0.6620212923963508], [5, 11, 0.915893920071178], [5, 12, 0.8058150978214181], [5, 13, 0.323705982481772], [5, 14, 1.242907948557117], [5, 15, 0.9948656553864512], [5, 16, 1.3182787584695228], [5, 17, 1.3960880594475638], [5, 18, 0.376853468404316], [5, 19, 0.3853265349608292], [5, 20, 0.31492273781848296], [5, 21, 0.5648585354856887], [5, 22, 0.8296162085564373], [5, 23, 0.5813477509022086], [5, 24, 0.27068355962320356], [5, 25, 0.6605610533679374], [5, 26, 0.20265131798102515], [5, 27, 0.13571969820412416], [5, 28, 0.9052183204684209], [5, 29, 0.895094015032133], [5, 30, 0.9440599268614173], [5, 31, 1.0513660859207035], [5, 32, 2.093603516720674], [5, 33, 1.8569804018247316], [5, 34, 2.087814407774484], [5, 35, 2.6140802534332925], [5, 36, 1.6990827680154312], [5, 37, 2.1068116819677463], [5, 38, 1.9759364209460475], [5, 39, 1.6528933942353405], [5, 40, 1.83989971652516], [5, 41, 2.0357983450692965], [5, 42, 2.0357983450692965], [5, 43, 1.7646263432851494], [5, 44, 1.5205188060132169], [5, 45, 2.071678193965221], [5, 46, 2.3532966821211225], [5, 47, 1.9773454515553812], [5, 48, 1.801808523764541], [5, 49, 2.336307334851171], [5, 50, 2.131260070864089], [5, 51, 2.0802777732113715], [5, 52, 2.074989579507515], [5, 53, 2.094682781472859], [5, 54, 2.030160354401526], [5, 55, 2.517841990325623], [5, 56, 3.055139715397607], [5, 57, 2.5069087084119417], [5, 58, 1.4110564287115157], [5, 59, 2.6607709058211766], [5, 60, 2.9192906785119286], [5, 61, 3.064436818981859], [5, 62, 2.6541529116210767], [5, 63, 3.0710800685040196], [5, 64, 3.178657445899357], [5, 65, 2.923990449242019], [5, 66, 2.9773187733285713], [5, 67, 2.709950524622072], [5, 68, 1.329427940915064], [5, 69, 1.0905609691650076], [5, 70, 1.4094678925468915], [5, 71, 1.4509677203236448], [5, 72, 1.4750976602050627], [5, 73, 1.4887548860336617], [5, 74, 1.5231069035043192], [5, 75, 1.3505074756214204], [5, 76, 0.6922292480275046], [5, 77, 1.557066067925927], [5, 78, 1.683015855505172], [5, 79, 1.8600575945442368], [5, 80, 2.4991166904155406], [5, 81, 1.682977757694252], [5, 82, 1.8212238106976089], [5, 83, 1.6338023330910345], [5, 84, 1.7247628434889024], [5, 85, 1.910756870077975], [5, 86, 1.7270642200258863], [5, 87, 2.149184272181503], [5, 88, 1.8986932198685655], [5, 89, 2.2086623908914658], [5, 90, 1.6562270448443934], [5, 91, 1.2257276398605512], [5, 92, 1.5796136375668623], [5, 93, 2.698660328301475], [5, 94, 2.761666314256778], [5, 95, 2.815229491705202], [5, 96, 2.0373085102145576], [5, 97, 2.0407182624081415], [5, 98, 1.9967747267213927], [5, 99, 1.9989286950779381], [5, 100, 2.0049420959662596], [5, 101, 2.0033385904133203], [6, 0, 1.1428235387407386], [6, 1, 1.3268578765723298], [6, 2, 1.5729723238757116], [6, 3, 2.2876702561449336], [6, 4, 1.0525852421227817], [6, 5, 0.1936660870758238], [6, 6, 0.0], [6, 7, 1.0603968687053622], [6, 8, 1.2595766778047257], [6, 9, 0.543172682778533], [6, 10, 0.5425531742329155], [6, 11, 0.8557051241351392], [6, 12, 0.7398288561679283], [6, 13, 0.2818773283493214], [6, 14, 1.0699477628133374], [6, 15, 0.8018183394348025], [6, 16, 1.2078972797163083], [6, 17, 1.231148267375466], [6, 18, 0.5010686130468014], [6, 19, 0.48951421779822485], [6, 20, 0.5026759389634745], [6, 21, 0.5131045359016645], [6, 22, 0.7301246020180172], [6, 23, 0.40735501121240353], [6, 24, 0.32169161248480627], [6, 25, 0.5512273783119069], [6, 26, 0.36022628778003785], [6, 27, 0.3266980246717875], [6, 28, 0.8690352058778615], [6, 29, 0.7553054678084616], [6, 30, 0.919911995846984], [6, 31, 1.0189036096664585], [6, 32, 2.0532164227518077], [6, 33, 1.8055069544542062], [6, 34, 2.047815346420232], [6, 35, 2.4524950239828627], [6, 36, 1.5379080347678928], [6, 37, 1.9891550553946296], [6, 38, 1.9667054217563278], [6, 39, 1.6559274017215064], [6, 40, 1.8271898203814882], [6, 41, 2.0565992791643737], [6, 42, 2.0565992791643737], [6, 43, 1.7824892746323233], [6, 44, 1.4744467298499635], [6, 45, 2.009556976410723], [6, 46, 2.3070334536888617], [6, 47, 1.9729799366881278], [6, 48, 1.7458714647337885], [6, 49, 2.3430811188569693], [6, 50, 2.097069831536008], [6, 51, 2.0903940999326194], [6, 52, 2.0843830943607804], [6, 53, 2.109428955633554], [6, 54, 2.0305477435605015], [6, 55, 2.327499182887655], [6, 56, 2.876107871179559], [6, 57, 2.3466460653482617], [6, 58, 1.228862741866747], [6, 59, 2.49451516667293], [6, 60, 2.764076935567087], [6, 61, 2.9283929483298343], [6, 62, 2.5790956558173876], [6, 63, 2.903713454362626], [6, 64, 3.007544433226353], [6, 65, 2.7833602940752455], [6, 66, 2.8313409945052346], [6, 67, 2.5552519890239798], [6, 68, 1.166688648627396], [6, 69, 0.9373078884916001], [6, 70, 1.3450758128581002], [6, 71, 1.2649245935309361], [6, 72, 1.3113332424974546], [6, 73, 1.302098713500901], [6, 74, 1.3641156806914838], [6, 75, 1.2381359371782379], [6, 76, 0.6598736941969433], [6, 77, 1.4236340610469065], [6, 78, 1.5295059993987095], [6, 79, 1.7217661245159175], [6, 80, 2.3124362709825816], [6, 81, 1.667997631210936], [6, 82, 1.6931510895025663], [6, 83, 1.604515231659193], [6, 84, 1.5411406426273915], [6, 85, 1.7557109950493754], [6, 86, 1.5426453788308119], [6, 87, 2.10378186960005], [6, 88, 1.728244732993392], [6, 89, 2.01617661521345], [6, 90, 1.5028385519293317], [6, 91, 1.0495420997292], [6, 92, 1.4777160625056756], [6, 93, 2.5231906285788295], [6, 94, 2.58502263565655], [6, 95, 2.637741734815393], [6, 96, 1.8718876664002408], [6, 97, 1.8755784541604843], [6, 98, 1.8296544428313222], [6, 99, 1.8316463040665263], [6, 100, 1.8398464943672366], [6, 101, 1.8384824694324948], [7, 0, 0.1649705576083771], [7, 1, 0.2731613671068802], [7, 2, 0.99129931736965], [7, 3, 1.606380729426447], [7, 4, 0.2317899734846084], [7, 5, 1.2332783599483328], [7, 6, 1.0603968687053622], [7, 7, 0.0], [7, 8, 0.4029168926006527], [7, 9, 0.8566975229467829], [7, 10, 0.6539225607620847], [7, 11, 0.8147333748115552], [7, 12, 0.7878024704074905], [7, 13, 0.9867289569595263], [7, 14, 0.009652947966506738], [7, 15, 0.4618650520556048], [7, 16, 0.6020631167784644], [7, 17, 0.19609228280832783], [7, 18, 1.31856402033939], [7, 19, 1.2686382098596019], [7, 20, 1.546502498529402], [7, 21, 0.8797327331787378], [7, 22, 1.3334837656955525], [7, 23, 0.9304960131205565], [7, 24, 1.128678779238708], [7, 25, 0.6820352099926047], [7, 26, 1.3038348247128697], [7, 27, 1.3672122932827144], [7, 28, 1.6261146870120848], [7, 29, 1.1638103162291855], [7, 30, 1.6976783747147244], [7, 31, 1.751287989547322], [7, 32, 2.6085556128513834], [7, 33, 2.3403860093091793], [7, 34, 2.605286521514155], [7, 35, 2.1994690535054624], [7, 36, 1.4473128036302003], [7, 37, 2.1512498686711825], [7, 38, 2.6501901705571678], [7, 39, 2.407302183709606], [7, 40, 2.5102694628322513], [7, 41, 2.834456272476661], [7, 42, 2.834456272476661], [7, 43, 2.5692115455881517], [7, 44, 2.076680089444861], [7, 45, 2.4733502796327196], [7, 46, 2.8148078117141235], [7, 47, 2.673131270772508], [7, 48, 2.2691162829506486], [7, 49, 3.058131804593487], [7, 50, 2.674131828647043], [7, 51, 2.831679170780671], [7, 52, 2.82364318514873], [7, 53, 2.864789813520185], [7, 54, 2.742918513004188], [7, 55, 1.6634188364371258], [7, 56, 2.3786233668299537], [7, 57, 2.118986331630387], [7, 58, 0.9857867960461868], [7, 59, 2.1874875115722165], [7, 60, 2.5439263477334717], [7, 61, 2.858821875682084], [7, 62, 2.9255119759360433], [7, 63, 2.5488936487407163], [7, 64, 2.602756529646069], [7, 65, 2.6887440559736633], [7, 66, 2.688291743412665], [7, 67, 2.359049998326163], [7, 68, 1.1898336029035173], [7, 69, 1.15355430947527], [7, 70, 1.8970755824268146], [7, 71, 0.9344736917346274], [7, 72, 1.266388473262331], [7, 73, 0.942569650836898], [7, 74, 1.347163690354983], [7, 75, 1.5898053333658597], [7, 76, 1.48644062974399], [7, 77, 1.5929251809909066], [7, 78, 1.5132440187735778], [7, 79, 1.7852792788750504], [7, 80, 1.7353024994852622], [7, 81, 2.3587523163051753], [7, 82, 1.8363324048531737], [7, 83, 2.251707974587818], [7, 84, 1.1586766410165377], [7, 85, 1.672008818888337], [7, 86, 1.144944010716127], [7, 87, 2.633022448155974], [7, 88, 1.4891284783068792], [7, 89, 1.112238547029775], [7, 90, 1.494877507877974], [7, 91, 0.9857018801913419], [7, 92, 1.8256177318845759], [7, 93, 2.1029268703599566], [7, 94, 2.143382940958106], [7, 95, 2.179996865278795], [7, 96, 1.66089015193185], [7, 97, 1.66695050569684], [7, 98, 1.60795407293089], [7, 99, 1.6077249525465749], [7, 100, 1.6385270411727084], [7, 101, 1.6400232255514418], [8, 0, 0.5298055294184759], [8, 1, 0.33373192683103015], [8, 2, 1.3537539029082886], [8, 3, 1.9032658025399025], [8, 4, 0.22871210194593755], [8, 5, 1.3999784246780402], [8, 6, 1.2595766778047257], [8, 7, 0.4029168926006527], [8, 8, 0.0], [8, 9, 0.8804775725936442], [8, 10, 0.7413840142593974], [8, 11, 0.69299913509456], [8, 12, 0.7267271678490516], [8, 13, 1.0994248648405398], [8, 14, 0.40099479030495344], [8, 15, 0.8449468216879654], [8, 16, 0.27261146200742975], [8, 17, 0.2746591390267375], [8, 18, 1.3761314887302054], [8, 19, 1.3211005659521213], [8, 20, 1.6948402844856367], [8, 21, 0.9134991912024847], [8, 22, 1.675007252337055], [8, 23, 1.2405831538239023], [8, 24, 1.2247172951061904], [8, 25, 0.7504129047405775], [8, 26, 1.4144731509120974], [8, 27, 1.5232690639982684], [8, 28, 1.950629325576179], [8, 29, 1.525816234483544], [8, 30, 2.0197687290851305], [8, 31, 2.085175439299303], [8, 32, 2.986805765350689], [8, 33, 2.718636381504178], [8, 34, 2.9832304802727276], [8, 35, 2.5792759794571496], [8, 36, 1.8493084375630529], [8, 37, 2.5538063137083777], [8, 38, 3.0087527803832357], [8, 39, 2.7492860261388667], [8, 40, 2.8674698750584757], [8, 41, 3.174565195639976], [8, 42, 3.174565195639976], [8, 43, 2.904673442603371], [8, 44, 2.441798833723668], [8, 45, 2.860896950245412], [8, 46, 3.2002838604353196], [8, 47, 3.0287392435927405], [8, 48, 2.648012475092237], [8, 49, 3.413908899087817], [8, 50, 3.0500378909773835], [8, 51, 3.1802116717444124], [8, 52, 3.1725499068670566], [8, 53, 3.2104519763499533], [8, 54, 3.0967502825759823], [8, 55, 1.964102035715168], [8, 56, 2.708606922599065], [8, 57, 2.503077538031803], [8, 58, 1.3879153279363052], [8, 59, 2.5598222786834843], [8, 60, 2.923640519689835], [8, 61, 3.251678807201053], [8, 62, 3.32434077540597], [8, 63, 2.9073936499516413], [8, 64, 2.9504468930597527], [8, 65, 3.080589796449924], [8, 66, 3.0755557005571226], [8, 67, 2.7437396053970153], [8, 68, 1.5902964994779694], [8, 69, 1.5390927402615369], [8, 70, 2.2664288793393195], [8, 71, 1.3339501930082374], [8, 72, 1.669197565901375], [8, 73, 1.3399073456553041], [8, 74, 1.7499532067965475], [8, 75, 1.9762184173731223], [8, 76, 1.7886425439309228], [8, 77, 1.9923793187174992], [8, 78, 1.9161157061386203], [8, 79, 2.1881914285021913], [8, 80, 2.0612177124408997], [8, 81, 2.712701223207601], [8, 82, 2.238360217884468], [8, 83, 2.6121256588680737], [8, 84, 1.5462453556898481], [8, 85, 2.0725907890125663], [8, 86, 1.5311520531284322], [8, 87, 3.014731024941757], [8, 88, 1.8824951644185755], [8, 89, 1.3239898939851926], [8, 90, 1.8977920076351231], [8, 91, 1.3859211556184035], [8, 92, 2.2166114056180346], [8, 93, 2.4566784220982054], [8, 94, 2.491715703673386], [8, 95, 2.5239176473502427], [8, 96, 2.053653774061767], [8, 97, 2.0598206350604733], [8, 98, 2.000672068530929], [8, 99, 2.000252416239218], [8, 100, 2.0324568740450846], [8, 101, 2.0341601255450357], [9, 0, 0.9988565175540582], [9, 1, 1.0677886725671493], [9, 2, 1.6804624002288724], [9, 3, 2.3728264863553825], [9, 4, 0.7338600306797733], [9, 5, 0.5998911349854386], [9, 6, 0.543172682778533], [9, 7, 0.8566975229467829], [9, 8, 0.8804775725936442], [9, 9, 0.0], [9, 10, 0.21605018615259416], [9, 11, 0.31723503698519995], [9, 12, 0.20598568350066035], [9, 13, 0.2778464197644384], [9, 14, 0.8656390465886669], [9, 15, 0.8651139305149858], [9, 16, 0.7426422729060842], [9, 17, 0.96282914753953], [9, 18, 0.49565465633135886], [9, 19, 0.4406916164851824], [9, 20, 0.8498277760718425], [9, 21, 0.03618424606053233], [9, 22, 1.2249009417406969], [9, 23, 0.8007995172374884], [9, 24, 0.3637764537851244], [9, 25, 0.1803500502927995], [9, 26, 0.5525328551766175], [9, 27, 0.6965261067138188], [9, 28, 1.4048711765234307], [9, 29, 1.1857786352069626], [9, 30, 1.4591771099822057], [9, 31, 1.554597944663504], [9, 32, 2.5778402232542774], [9, 33, 2.323528368449136], [9, 34, 2.5727231783089213], [9, 35, 2.74376760763561], [9, 36, 1.8570515318603065], [9, 37, 2.4166358649344524], [9, 38, 2.506350461334614], [9, 39, 2.1984575386455796], [9, 40, 2.366078093433935], [9, 41, 2.599645009809542], [9, 42, 2.599645009809542], [9, 43, 2.325606176574976], [9, 44, 1.9989606200583683], [9, 45, 2.5167848651640425], [9, 46, 2.8262541435564206], [9, 47, 2.513861932360301], [9, 48, 2.2607506073265626], [9, 49, 2.885612750881907], [9, 50, 2.6254284364512652], [9, 51, 2.633350700725641], [9, 52, 2.627287948350923], [9, 53, 2.652587226442549], [9, 54, 2.5723307598717353], [9, 55, 2.4230049445733326], [9, 56, 3.067794602631311], [9, 57, 2.6454689235849482], [9, 58, 1.4575227724215416], [9, 59, 2.7644261967375985], [9, 60, 3.075225753307315], [9, 61, 3.2989546746046257], [9, 62, 3.0681857591598414], [9, 63, 3.1613554677171907], [9, 64, 3.244692840998466], [9, 65, 3.142540364865221], [9, 66, 3.173479184058581], [9, 67, 2.871605448357409], [9, 68, 1.4994874132992542], [9, 69, 1.3186042534673987], [9, 70, 1.8571400081560125], [9, 71, 1.4594435655364932], [9, 72, 1.631323786806482], [9, 73, 1.488006603545764], [9, 74, 1.6994609947725263], [9, 75, 1.693520782420132], [9, 76, 1.19948428455304], [9, 77, 1.830736407413772], [9, 78, 1.87652923118525], [9, 79, 2.107426505826493], [9, 80, 2.453162336404273], [9, 81, 2.2065707864949737], [9, 82, 2.1045461132310415], [9, 83, 2.1376486050514214], [9, 84, 1.7388097044595412], [9, 85, 2.0894348566304513], [9, 86, 1.7336370752209882], [9, 87, 2.6246216642082474], [9, 88, 1.9990953493100896], [9, 89, 1.9562354709152714], [9, 90, 1.851330101119244], [9, 91, 1.3308349898418401], [9, 92, 1.9432680878403001], [9, 93, 2.744217529264612], [9, 94, 2.797627287638054], [9, 95, 2.843967087420894], [9, 96, 2.161153862059038], [9, 97, 2.1659609423544004], [9, 98, 2.1126812593518376], [9, 99, 2.1138626480816747], [9, 100, 2.1315763128159895], [9, 101, 2.1312984889222775], [10, 0, 0.7891507213136254], [10, 1, 0.8827178492412077], [10, 2, 1.4674904326597027], [10, 3, 2.157335518406343], [10, 4, 0.5618111708101431], [10, 5, 0.6620212923963508], [10, 6, 0.5425531742329155], [10, 7, 0.6539225607620847], [10, 8, 0.7413840142593974], [10, 9, 0.21605018615259416], [10, 10, 0.0], [10, 11, 0.3813633278986134], [10, 12, 0.2751591023564481], [10, 13, 0.3591257307746378], [10, 14, 0.6631815015796078], [10, 15, 0.6570738830109905], [10, 16, 0.665404469658817], [10, 17, 0.7785789445632567], [10, 18, 0.6677906047460218], [10, 19, 0.6164447033149519], [10, 20, 0.953478234560379], [10, 21, 0.23154239234303284], [10, 22, 1.1321581117447237], [10, 23, 0.6846156989964659], [10, 24, 0.4911556356325922], [10, 25, 0.03918149612925483], [10, 26, 0.6777759417581611], [10, 27, 0.782418676687195], [10, 28, 1.3499462860693263], [10, 29, 1.0590251074891694], [10, 30, 1.4108733143970607], [10, 31, 1.497038843796369], [10, 32, 2.4942227526406233], [10, 33, 2.2337492903593], [10, 34, 2.489499953957272], [10, 35, 2.550840652476925], [10, 36, 1.6765648170591345], [10, 37, 2.2674237318712653], [10, 38, 2.4503452144917466], [10, 39, 2.156189237385394], [10, 40, 2.3086157857350127], [10, 41, 2.56893156830906], [10, 42, 2.56893156830906], [10, 43, 2.2945053950577727], [10, 44, 1.9193776922990928], [10, 45, 2.415121691448604], [10, 46, 2.7348893509162804], [10, 47, 2.4619702949133675], [10, 48, 2.16815229639156], [10, 49, 2.840542611737062], [10, 50, 2.546643874670384], [10, 51, 2.5930141209255404], [10, 52, 2.5863646078163933], [10, 53, 2.616175347312703], [10, 54, 2.5240117048397037], [10, 55, 2.2078169218994366], [10, 56, 2.858497993938653], [10, 57, 2.4545663928992534], [10, 58, 1.2621798756250182], [10, 59, 2.5672166076552867], [10, 60, 2.885444897174692], [10, 61, 3.124280053752392], [10, 62, 2.9491885432549623], [10, 63, 2.960821874835614], [10, 64, 3.0407711584537354], [10, 65, 2.9649714571585264], [10, 66, 2.991028011865161], [10, 67, 2.6837564982243345], [10, 68, 1.3280547230474784], [10, 69, 1.167354778149145], [10, 70, 1.7656840253639707], [10, 71, 1.2581721090709148], [10, 72, 1.4540088008629342], [10, 73, 1.285070801466481], [10, 74, 1.5253964726839024], [10, 75, 1.5657552596603606], [10, 76, 1.1568185634547385], [10, 77, 1.6789230163958162], [10, 78, 1.703567344729715], [10, 79, 1.944459302448005], [10, 80, 2.2404317193034995], [10, 81, 2.149206006631077], [10, 82, 1.9512580419391832], [10, 83, 2.0694230098819175], [10, 84, 1.5352163086316108], [10, 85, 1.9105573000679976], [10, 86, 1.5291350465905944], [10, 87, 2.536127173848583], [10, 88, 1.8060985823488114], [10, 89, 1.743947960882011], [10, 90, 1.679102314669956], [10, 91, 1.1492875037819887], [10, 92, 1.8174979898547075], [10, 93, 2.5392057577359726], [10, 94, 2.5913521247064666], [10, 95, 2.6367786024710056], [10, 96, 1.9708418940984578], [10, 97, 1.9758598374781255], [10, 98, 1.9213664749182418], [10, 99, 1.9223673982503717], [10, 100, 1.9420153681356074], [10, 101, 1.941980928835606], [11, 0, 0.9769518319472195], [11, 1, 0.9567355384066079], [11, 2, 1.7543463423269257], [11, 3, 2.41113573744941], [11, 4, 0.623422541107602], [11, 5, 0.915893920071178], [11, 6, 0.8557051241351392], [11, 7, 0.8147333748115552], [11, 8, 0.69299913509456], [11, 9, 0.31723503698519995], [11, 10, 0.3813633278986134], [11, 11, 0.0], [11, 12, 0.11665177028026742], [11, 13, 0.59502023669531], [11, 14, 0.8217102299550989], [11, 15, 0.985236286537181], [11, 16, 0.4866681188286367], [11, 17, 0.8567668166578479], [11, 18, 0.7540207525696172], [11, 19, 0.6989655684372322], [11, 20, 1.1506268521416965], [11, 21, 0.3513960645516856], [11, 22, 1.5060287717239438], [11, 23, 1.0632660066646629], [11, 24, 0.6679483691539331], [11, 25, 0.3496443163295888], [11, 26, 0.8492037460943874], [11, 27, 1.0066017028438794], [11, 28, 1.7067070049611308], [11, 29, 1.4401422339396617], [11, 30, 1.7637858289465518], [11, 31, 1.8556966240831552], [11, 32, 2.8668072279873296], [11, 33, 2.6083797656138343], [11, 34, 2.8619275800176704], [11, 35, 2.891839326295939], [11, 36, 2.0372667019105175], [11, 37, 2.6455937089332258], [11, 38, 2.8094501165207486], [11, 39, 2.506425331588554], [11, 40, 2.668430806843073], [11, 41, 2.911372643830936], [11, 42, 2.911372643830936], [11, 43, 2.6370298504006793], [11, 44, 2.289767512155605], [11, 45, 2.793367236090888], [11, 46, 3.1103878654577612], [11, 47, 2.818638012602555], [11, 48, 2.543664312956246], [11, 49, 3.1931816422437818], [11, 50, 2.9173074160444457], [11, 51, 2.9423261783678543], [11, 52, 2.93607118692992], [11, 53, 2.962776854216976], [11, 54, 2.878515914655198], [11, 55, 2.4660827342908176], [11, 56, 3.154702728910975], [11, 57, 2.7991849694964355], [11, 58, 1.6064780453009915], [11, 59, 2.9001311745000304], [11, 60, 3.2306298183006823], [11, 61, 3.4869229797816854], [11, 62, 3.330339292178353], [11, 63, 3.2850258621713406], [11, 64, 3.355619664212982], [11, 65, 3.3251101612265974], [11, 66, 3.3458454590266142], [11, 67, 3.0322710507434802], [11, 68, 1.6978416876934166], [11, 69, 1.5465495611613898], [11, 70, 2.1403948331178753], [11, 71, 1.5909209723588484], [11, 72, 1.8187091919122569], [11, 73, 1.6135140673068786], [11, 74, 1.8923988222962893], [11, 75, 1.9471022302597978], [11, 76, 1.5053456248285886], [11, 77, 2.0569848421901575], [11, 78, 2.0707213797088344], [11, 79, 2.3173873443963884], [11, 80, 2.5213749339707228], [11, 81, 2.508798604116397], [11, 82, 2.3284410630519723], [11, 83, 2.4347517161313355], [11, 84, 1.8591768383043181], [11, 85, 2.2719095312902367], [11, 86, 1.850644023267114], [11, 87, 2.9105386173296126], [11, 88, 2.150106022342469], [11, 89, 1.9217261352217856], [11, 90, 2.0468901811532], [11, 91, 1.5121612222878482], [11, 92, 2.198827261380916], [11, 93, 2.8525503826012764], [11, 94, 2.900347173827941], [11, 95, 2.9423512864514674], [11, 96, 2.3181991976399714], [11, 97, 2.3235065230840815], [11, 98, 2.2674391712370667], [11, 99, 2.268156268732576], [11, 100, 2.290601861466489], [11, 101, 2.2909161517431595], [12, 0, 0.9448269443569125], [12, 1, 0.9593899661709058], [12, 2, 1.6944206674129925], [12, 3, 2.364787838485413], [12, 4, 0.6204362616842028], [12, 5, 0.8058150978214181], [12, 6, 0.7398288561679283], [12, 7, 0.7878024704074905], [12, 8, 0.7267271678490516], [12, 9, 0.20598568350066035], [12, 10, 0.2751591023564481], [12, 11, 0.11665177028026742], [12, 12, 0.0], [12, 13, 0.48313446460198545], [12, 14, 0.7956490762358686], [12, 15, 0.9063619873525687], [12, 16, 0.5541042621520235], [12, 17, 0.8561402293333679], [12, 18, 0.6714386364150422], [12, 19, 0.615759327592807], [12, 20, 1.051019911189749], [12, 21, 0.2414474626425986], [12, 22, 1.3915605226533478], [12, 23, 0.9510861199965223], [12, 24, 0.5654624863176604], [12, 25, 0.2404345670726697], [12, 26, 0.7510727964089183], [12, 27, 0.9013832917133761], [12, 28, 1.5901486164063086], [12, 29, 1.3302063938125617], [12, 30, 1.647143876413604], [12, 31, 1.7391880944445897], [12, 32, 2.7516636118137288], [12, 33, 2.493788454511251], [12, 34, 2.7467505823890974], [12, 35, 2.8111077294612765], [12, 36, 1.9461868969765659], [12, 37, 2.542572558852039], [12, 38, 2.6928874485718803], [12, 39, 2.389792532959786], [12, 40, 2.5519011608491513], [12, 41, 2.795001875053854], [12, 42, 2.795001875053854], [12, 43, 2.52063069020237], [12, 44, 2.1742876102222284], [12, 45, 2.6801749803167825], [12, 46, 2.995995527006754], [12, 47, 2.702012796762887], [12, 48, 2.4293566178263735], [12, 49, 3.0765350170201535], [12, 50, 2.801784621119774], [12, 51, 2.825722369042072], [12, 52, 2.8194592688457667], [12, 53, 2.8462459289739344], [12, 54, 2.761866088394078], [12, 55, 2.4182167507513306], [12, 56, 3.093268084763407], [12, 57, 2.716688902292351], [12, 58, 1.5230656332649852], [12, 59, 2.8231159551687335], [12, 60, 3.148038352358729], [12, 61, 3.3951721742946304], [12, 62, 3.220069774244095], [12, 63, 3.2120700551641623], [12, 64, 3.28670416703614], [12, 65, 3.2347687189640943], [12, 66, 3.258410573081248], [12, 67, 2.947971017531383], [12, 68, 1.6012629718115317], [12, 69, 1.4424373001345805], [12, 70, 2.0259224213100366], [12, 71, 1.5125312728670939], [12, 72, 1.7252658801142307], [12, 73, 1.5369807395033992], [12, 74, 1.7976361900484796], [12, 75, 1.8379442429623891], [12, 76, 1.388695564701595], [12, 77, 1.9540808629584903], [12, 78, 1.9759376709506642], [12, 79, 2.2188233247284317], [12, 80, 2.4651976689018418], [12, 81, 2.3922693087461173], [12, 82, 2.226397084338755], [12, 83, 2.318599687290305], [12, 84, 1.78498700542034], [12, 85, 2.1805846262595248], [12, 86, 1.7774526754244317], [12, 87, 2.795841460119857], [12, 88, 2.0674781053506486], [12, 89, 1.9000276528375557], [12, 90, 1.9517073992106861], [12, 91, 1.4195084953547727], [12, 92, 2.089456094288228], [12, 93, 2.78392999007137], [12, 94, 2.8335572408638905], [12, 95, 2.8769900430712294], [12, 96, 2.2341089966881484], [12, 97, 2.2392800633288155], [12, 98, 2.183929507763613], [12, 99, 2.1847824028338607], [12, 100, 2.20589726107426], [12, 101, 2.2060417708779125], [13, 0, 1.1029274435912957], [13, 1, 1.2317754906075185], [13, 2, 1.6714214413891044], [13, 3, 2.381808184846593], [13, 4, 0.9192204522671293], [13, 5, 0.323705982481772], [13, 6, 0.2818773283493214], [13, 7, 0.9867289569595263], [13, 8, 1.0994248648405398], [13, 9, 0.2778464197644384], [13, 10, 0.3591257307746378], [13, 11, 0.59502023669531], [13, 12, 0.48313446460198545], [13, 13, 0.0], [13, 14, 0.9963124906275813], [13, 15, 0.8559280170346973], [13, 16, 0.9989561737580348], [13, 17, 1.129066471104404], [13, 18, 0.3502969854193207], [13, 19, 0.3110405728961256], [13, 20, 0.5964021868763802], [13, 21, 0.24383764125665314], [13, 22, 1.0017921298328216], [13, 23, 0.6216871161140535], [13, 24, 0.14376284460681513], [13, 25, 0.34949509362147635], [13, 26, 0.3204126771867009], [13, 27, 0.43045630767836746], [13, 28, 1.15080100511359], [13, 29, 0.9995266613478428], [13, 30, 1.2009023184724916], [13, 31, 1.300634455746172], [13, 32, 2.3347533696071037], [13, 33, 2.086017885332026], [13, 34, 2.3293802515789572], [13, 35, 2.6462710084803382], [13, 36, 1.739263321518153], [13, 37, 2.2402359798313674], [13, 38, 2.2470039053244433], [13, 39, 1.9336478708126985], [13, 40, 2.107873669760091], [13, 41, 2.329721080260024], [13, 42, 2.329721080260024], [13, 43, 2.0562717484771014], [13, 44, 1.7558226553050131], [13, 45, 2.28788997469477], [13, 46, 2.5879187808628705], [13, 47, 2.2525021099867413], [13, 48, 2.025745337184458], [13, 49, 2.6205175735079695], [13, 50, 2.3788952663854586], [13, 51, 2.366790448727273], [13, 52, 2.360966712988504], [13, 53, 2.3845295256124244], [13, 54, 2.309203460534369], [13, 55, 2.427031266689629], [13, 56, 3.025055681535737], [13, 57, 2.543437795788266], [13, 58, 1.3826072563723362], [13, 59, 2.678657028953999], [13, 60, 2.9678688279614627], [13, 61, 3.1583739260051233], [13, 62, 2.8529447749093855], [13, 63, 3.0836470991956806], [13, 64, 3.178315547022714], [13, 65, 3.0082056986800523],